Editable : 1
Shader : Assets/Default/Shaders/UnlitShader
Ambient : 1.000000 1.000000 1.000000 1.000000
Diffuse : 0.800000 0.800000 0.800000 1.000000
Specular : 0.500000 0.500000 0.500000 1.000000
Shininess : 360.000000
