Editable : 1
Shader : Assets/Default/Shaders/UnlitShader
Texture : Assets/Default/Textures/folder_icon.png
Ambient : 1.000000 1.000000 1.000000 1.000000
Diffuse : 1.000000 1.000000 1.000000 1.000000
Specular : 0.500000 0.500000 0.500000 1.000000
Shininess : 250.000000
