Name : Lime
Shader : Assets/Default/Shaders/UnlitShader
Ambient : 1.000000 1.000000 1.000000 1.000000
Diffuse : 0.010331 0.800000 0.000000 1.000000
Specular : 0.500000 0.500000 0.500000 1.000000
Shininess : 250.000000
