sf : 0.000000
df : 0.000000
re : 1.200000
