sf : 0.500000
df : 0.500000
re : 0.500000
